0.000000e+00 1.600000e+03 -3.200000e+03     -nan     -nan 6.666667e-01
4.685714e-02 1.600000e+03 -3.200000e+03 0.000000e+00 0.000000e+00 6.666667e-01
9.371429e-02 1.600000e+03 -3.200000e+03 0.000000e+00 0.000000e+00 6.666667e-01
1.405714e-01 1.600000e+03 -3.200000e+03 0.000000e+00 0.000000e+00 6.666667e-01
1.874286e-01 1.600000e+03 -3.200000e+03 0.000000e+00 0.000000e+00 6.666667e-01
2.342857e-01 1.600000e+03 -3.200000e+03 0.000000e+00 0.000000e+00 6.666667e-01
2.811429e-01 1.600000e+03 -3.200000e+03 0.000000e+00 0.000000e+00 6.666667e-01
3.280000e-01 1.600000e+03 -3.200000e+03 0.000000e+00 0.000000e+00 6.666667e-01
3.748571e-01 1.600000e+03 -3.200000e+03 0.000000e+00 0.000000e+00 6.666667e-01
4.217143e-01 1.600000e+03 -3.200000e+03 0.000000e+00 0.000000e+00 6.666667e-01
4.685714e-01 1.600000e+03 -3.200000e+03 0.000000e+00 0.000000e+00 6.666667e-01
5.154286e-01 1.600000e+03 -3.199998e+03 1.551795e-03 4.817106e-02 6.666667e-01
5.622857e-01 1.599997e+03 -3.199989e+03 9.945406e-03 2.829994e-01 6.666667e-01
6.091429e-01 1.599994e+03 -3.199977e+03 1.898793e-02 4.987448e-01 6.666667e-01
6.560000e-01 1.599984e+03 -3.199937e+03 4.900969e-02 1.195358e+00 6.666666e-01
7.028571e-01 1.599963e+03 -3.199854e+03 1.045169e-01 2.379246e+00 6.666666e-01
7.497143e-01 1.599917e+03 -3.199668e+03 2.169863e-01 4.591900e+00 6.666666e-01
7.965714e-01 1.599863e+03 -3.199458e+03 3.597172e-01 7.045577e+00 6.666665e-01
8.434286e-01 1.599745e+03 -3.198992e+03 6.123494e-01 1.110409e+01 6.666664e-01
8.902857e-01 1.599594e+03 -3.198394e+03 9.668402e-01 1.669582e+01 6.666662e-01
9.371429e-01 1.599353e+03 -3.197448e+03 1.416122e+00 2.298657e+01 6.666660e-01
9.840000e-01 1.599036e+03 -3.196203e+03 2.084063e+00 3.213249e+01 6.666656e-01
1.030857e+00 1.598490e+03 -3.194097e+03 3.241873e+00 4.633799e+01 6.666649e-01
1.077714e+00 1.597878e+03 -3.191721e+03 4.258284e+00 5.775369e+01 6.666643e-01
1.124571e+00 1.597041e+03 -3.188566e+03 6.001177e+00 7.554467e+01 6.666631e-01
1.171429e+00 1.595936e+03 -3.184370e+03 8.313186e+00 9.869098e+01 6.666616e-01
1.218286e+00 1.594682e+03 -3.179690e+03 1.026869e+01 1.134492e+02 6.666601e-01
1.265143e+00 1.593045e+03 -3.173592e+03 1.378596e+01 1.434492e+02 6.666575e-01
1.312000e+00 1.591144e+03 -3.166684e+03 1.697313e+01 1.648367e+02 6.666550e-01
1.358857e+00 1.588737e+03 -3.157972e+03 2.178804e+01 1.984368e+02 6.666511e-01
1.405714e+00 1.585929e+03 -3.147867e+03 2.703666e+01 2.313638e+02 6.666466e-01
1.452571e+00 1.582685e+03 -3.136496e+03 3.331487e+01 2.650658e+02 6.666410e-01
1.499429e+00 1.578541e+03 -3.122248e+03 4.333058e+01 3.167224e+02 6.666320e-01
1.546286e+00 1.573873e+03 -3.106488e+03 5.246005e+01 3.524464e+02 6.666232e-01
1.593143e+00 1.568518e+03 -3.088833e+03 6.567665e+01 4.059680e+02 6.666102e-01
1.640000e+00 1.561531e+03 -3.066815e+03 9.765757e+01 4.873746e+02 6.665800e-01
1.686857e+00 1.553987e+03 -3.043008e+03 1.032179e+02 5.293170e+02 6.665710e-01
1.733714e+00 1.545595e+03 -3.017359e+03 1.307641e+02 5.997866e+02 6.665408e-01
1.780571e+00 1.535069e+03 -2.987585e+03 1.722728e+02 6.542767e+02 6.664946e-01
1.827429e+00 1.523348e+03 -2.954072e+03 2.106837e+02 7.608962e+02 6.664471e-01
1.874286e+00 1.511004e+03 -2.919371e+03 2.551645e+02 8.172379e+02 6.663900e-01
1.921143e+00 1.492004e+03 -2.872095e+03 3.430718e+02 9.219240e+02 6.662762e-01
1.968000e+00 1.475134e+03 -2.831043e+03 4.934304e+02 1.047777e+03 6.660842e-01
2.014857e+00 1.449365e+03 -2.775748e+03 7.565735e+02 1.255066e+03 6.657258e-01
2.061714e+00 1.419438e+03 -2.713423e+03 9.969815e+02 1.371057e+03 6.653493e-01
2.108571e+00 1.385504e+03 -2.646117e+03 1.332957e+03 1.478265e+03 6.648194e-01
2.155429e+00 1.334380e+03 -2.567735e+03 2.269188e+03 1.756868e+03 6.631924e-01
2.202286e+00 1.264293e+03 -2.476982e+03 5.093411e+03 2.012994e+03 6.586754e-01
2.249143e+00 1.097735e+03 -2.343176e+03 2.176697e+04 2.764496e+03 6.319067e-01
2.258146e+00 1.088624e+03 -2.324304e+03 2.505812e+04 3.028020e+03 6.286453e-01
2.258813e+00 9.289602e+02 -2.286643e+03 5.179861e+04 3.399057e+03 5.658520e-01
2.259480e+00 1.132249e+03 -2.340442e+03 1.422025e+04 2.722975e+03 6.420515e-01
2.260146e+00 7.528820e+01 -1.477372e+02 1.887592e+02 1.267982e+02 6.099206e-01
2.260813e+00 7.461000e+01 -1.465100e+02 1.859957e+02 1.293596e+02 6.075950e-01
2.261480e+00 7.544420e+01 -1.475264e+02 1.832561e+02 1.246746e+02 6.124116e-01
2.262146e+00 7.604380e+01 -1.480272e+02 1.790152e+02 1.277371e+02 6.137018e-01
2.262813e+00 7.585880e+01 -1.482040e+02 1.787690e+02 1.261702e+02 6.134277e-01
2.263480e+00 7.504740e+01 -1.470632e+02 1.838886e+02 1.306409e+02 6.093929e-01
2.264146e+00 7.589500e+01 -1.478624e+02 1.662111e+02 1.264499e+02 6.133636e-01
2.264813e+00 7.740400e+01 -1.489620e+02 1.437070e+02 1.179903e+02 6.223828e-01
2.265480e+00 7.526320e+01 -1.476564e+02 2.004112e+02 1.295685e+02 6.095090e-01
2.266146e+00 7.672360e+01 -1.488408e+02 1.647574e+02 1.222874e+02 6.174101e-01
2.266813e+00 7.587440e+01 -1.473732e+02 1.669778e+02 1.240474e+02 6.146242e-01
2.267480e+00 7.490600e+01 -1.468728e+02 1.828063e+02 1.252132e+02 6.097863e-01
2.268146e+00 7.488840e+01 -1.467676e+02 1.878942e+02 1.295833e+02 6.086527e-01
2.268813e+00 7.630460e+01 -1.487736e+02 1.677817e+02 1.234634e+02 6.144143e-01
2.269480e+00 7.536040e+01 -1.468008e+02 1.736975e+02 1.236690e+02 6.129758e-01
2.270146e+00 7.634620e+01 -1.479964e+02 1.666341e+02 1.245923e+02 6.166870e-01
2.270813e+00 7.504300e+01 -1.467776e+02 1.867563e+02 1.297266e+02 6.089241e-01
2.271480e+00 7.412200e+01 -1.456476e+02 2.013121e+02 1.301399e+02 6.063048e-01
2.272146e+00 7.503040e+01 -1.465908e+02 1.856735e+02 1.308134e+02 6.092169e-01
2.272813e+00 7.494700e+01 -1.468156e+02 1.889315e+02 1.244572e+02 6.102897e-01
2.273480e+00 7.652120e+01 -1.481704e+02 1.562294e+02 1.207623e+02 6.177034e-01
2.274146e+00 7.430000e+01 -1.457540e+02 1.966426e+02 1.364647e+02 6.054770e-01
2.274813e+00 7.615700e+01 -1.473820e+02 1.562772e+02 1.230877e+02 6.168585e-01
2.275480e+00 7.749360e+01 -1.488120e+02 1.362707e+02 1.168408e+02 6.228400e-01
2.276146e+00 7.576140e+01 -1.475588e+02 1.706953e+02 1.208197e+02 6.141031e-01
2.276813e+00 7.568620e+01 -1.474632e+02 1.757830e+02 1.244393e+02 6.128928e-01
2.277480e+00 7.367440e+01 -1.452672e+02 1.989190e+02 1.284822e+02 6.039650e-01
2.316000e+00 7.175880e+01 -1.420808e+02 2.131873e+02 1.306684e+02 5.958772e-01
2.362857e+00 6.755980e+01 -1.362400e+02 2.395216e+02 1.332726e+02 5.756482e-01
2.409714e+00 6.511960e+01 -1.317188e+02 2.229851e+02 1.215318e+02 5.681871e-01
2.456571e+00 5.609340e+01 -1.218920e+02 2.710541e+02 1.197091e+02 5.050537e-01
2.503429e+00 5.200600e+01 -1.164652e+02 2.589473e+02 1.058307e+02 4.812669e-01
2.550286e+00 5.037420e+01 -1.136192e+02 2.563059e+02 1.072522e+02 4.631842e-01
2.597143e+00 4.756800e+01 -1.104564e+02 2.443463e+02 9.380886e+01 4.436688e-01
2.644000e+00 4.185060e+01 -1.035880e+02 2.310456e+02 8.506845e+01 3.797524e-01
2.690857e+00 4.140480e+01 -1.014780e+02 2.130117e+02 7.726659e+01 3.864281e-01
2.737714e+00 3.718700e+01 -9.688480e+01 1.930756e+02 6.937046e+01 3.275737e-01
2.784571e+00 3.456160e+01 -9.371000e+01 1.682260e+02 5.962496e+01 3.061984e-01
2.831429e+00 3.340940e+01 -9.121640e+01 1.621896e+02 5.865250e+01 2.839192e-01
2.878286e+00 3.140460e+01 -8.812800e+01 1.485880e+02 5.226277e+01 2.681291e-01
2.925143e+00 2.933680e+01 -8.582040e+01 1.367712e+02 5.069832e+01 2.175302e-01
2.972000e+00 2.872320e+01 -8.369200e+01 1.285180e+02 4.642246e+01 2.200020e-01
3.018857e+00 2.727900e+01 -8.148960e+01 1.171338e+02 4.103683e+01 2.118876e-01
3.065714e+00 2.591660e+01 -7.949760e+01 1.076061e+02 3.950923e+01 1.767614e-01
3.112571e+00 2.456600e+01 -7.789760e+01 9.949421e+01 3.763123e+01 1.559042e-01
3.159429e+00 2.427020e+01 -7.615720e+01 9.612023e+01 3.683363e+01 1.355456e-01
3.206286e+00 2.400860e+01 -7.454000e+01 8.734254e+01 3.345901e+01 1.742163e-01
3.253143e+00 2.367160e+01 -7.378680e+01 8.786683e+01 3.312677e+01 1.492900e-01
-02
.419145e+00
