0.000000e+00 1.000000e+02 -2.000000e+02     -nan     -nan 6.666667e-01
4.685714e-02 1.000000e+02 -2.000000e+02 0.000000e+00 0.000000e+00 6.666667e-01
9.371429e-02 1.000000e+02 -2.000000e+02 0.000000e+00 0.000000e+00 6.666667e-01
1.405714e-01 1.000000e+02 -2.000000e+02 0.000000e+00 0.000000e+00 6.666667e-01
1.874286e-01 1.000000e+02 -2.000000e+02 0.000000e+00 0.000000e+00 6.666667e-01
2.342857e-01 1.000000e+02 -2.000000e+02 0.000000e+00 0.000000e+00 6.666667e-01
2.811429e-01 1.000000e+02 -2.000000e+02 0.000000e+00 0.000000e+00 6.666667e-01
3.280000e-01 1.000000e+02 -2.000000e+02 0.000000e+00 0.000000e+00 6.666667e-01
3.748571e-01 1.000000e+02 -2.000000e+02 0.000000e+00 0.000000e+00 6.666667e-01
4.217143e-01 1.000000e+02 -2.000000e+02 0.000000e+00 0.000000e+00 6.666667e-01
4.685714e-01 1.000000e+02 -2.000000e+02 0.000000e+00 0.000000e+00 6.666667e-01
5.154286e-01 1.000000e+02 -2.000000e+02 0.000000e+00 0.000000e+00 6.666667e-01
5.622857e-01 1.000000e+02 -2.000000e+02 0.000000e+00 0.000000e+00 6.666667e-01
6.091429e-01 9.999980e+01 -1.999992e+02 6.565947e-04 1.724639e-02 6.666666e-01
6.560000e-01 9.999840e+01 -1.999936e+02 4.874146e-03 1.188816e-01 6.666662e-01
7.028571e-01 9.999880e+01 -1.999952e+02 3.412585e-03 7.768487e-02 6.666664e-01
7.497143e-01 9.999680e+01 -1.999872e+02 8.522927e-03 1.818917e-01 6.666658e-01
7.965714e-01 9.999280e+01 -1.999724e+02 2.102531e-02 3.694698e-01 6.666645e-01
8.434286e-01 9.998400e+01 -1.999364e+02 3.858537e-02 7.162992e-01 6.666624e-01
8.902857e-01 9.997200e+01 -1.998908e+02 6.831065e-02 1.129530e+00 6.666587e-01
9.371429e-01 9.996460e+01 -1.998584e+02 7.506523e-02 1.281601e+00 6.666575e-01
9.840000e-01 9.992620e+01 -1.997104e+02 1.607252e-01 2.454859e+00 6.666460e-01
1.030857e+00 9.991380e+01 -1.996644e+02 1.895215e-01 2.653864e+00 6.666412e-01
1.077714e+00 9.985780e+01 -1.994524e+02 2.993179e-01 3.903451e+00 6.666246e-01
1.124571e+00 9.981860e+01 -1.993004e+02 3.637777e-01 4.578745e+00 6.666133e-01
1.171429e+00 9.973720e+01 -1.990060e+02 5.884577e-01 6.290979e+00 6.665778e-01
1.218286e+00 9.969180e+01 -1.988116e+02 5.855874e-01 6.798254e+00 6.665735e-01
1.265143e+00 9.955420e+01 -1.983092e+02 9.118831e-01 9.490768e+00 6.665167e-01
1.312000e+00 9.941540e+01 -1.978004e+02 1.151405e+00 1.124991e+01 6.664697e-01
1.358857e+00 9.929500e+01 -1.973672e+02 1.361861e+00 1.256759e+01 6.664250e-01
1.405714e+00 9.915780e+01 -1.968712e+02 1.567814e+00 1.355575e+01 6.663781e-01
1.452571e+00 9.890180e+01 -1.960136e+02 2.287775e+00 1.745765e+01 6.662350e-01
1.499429e+00 9.863500e+01 -1.950736e+02 2.759701e+00 1.975664e+01 6.661260e-01
1.546286e+00 9.834740e+01 -1.941128e+02 3.395306e+00 2.265031e+01 6.659787e-01
1.593143e+00 9.794820e+01 -1.927612e+02 4.257821e+00 2.613785e+01 6.657776e-01
1.640000e+00 9.759640e+01 -1.915980e+02 4.984090e+00 2.944557e+01 6.655870e-01
1.686857e+00 9.713140e+01 -1.902392e+02 6.722759e+00 3.305514e+01 6.651949e-01
1.733714e+00 9.658880e+01 -1.885280e+02 8.335696e+00 3.874036e+01 6.647831e-01
1.780571e+00 9.590440e+01 -1.865440e+02 9.855073e+00 4.105483e+01 6.643408e-01
1.827429e+00 9.528180e+01 -1.846560e+02 1.134216e+01 4.429558e+01 6.638993e-01
1.874286e+00 9.426520e+01 -1.821460e+02 1.795973e+01 5.337635e+01 6.623967e-01
1.921143e+00 9.335000e+01 -1.797596e+02 2.239703e+01 6.028103e+01 6.611895e-01
1.968000e+00 9.241040e+01 -1.772016e+02 2.438474e+01 6.341860e+01 6.603653e-01
2.014857e+00 9.061520e+01 -1.733328e+02 4.047251e+01 7.603091e+01 6.569236e-01
2.061714e+00 8.738180e+01 -1.688520e+02 1.037796e+02 9.965058e+01 6.460686e-01
2.108571e+00 8.595700e+01 -1.648364e+02 9.497053e+01 1.014100e+02 6.449566e-01
2.155429e+00 8.564160e+01 -1.628712e+02 7.408288e+01 9.243875e+01 6.470148e-01
2.202286e+00 8.019460e+01 -1.543716e+02 1.317083e+02 1.145023e+02 6.298579e-01
2.249143e+00 7.553220e+01 -1.479964e+02 1.778537e+02 1.279878e+02 6.107601e-01
2.258146e+00 7.526500e+01 -1.475436e+02 1.888137e+02 1.260536e+02 6.107432e-01
2.258813e+00 7.686140e+01 -1.491392e+02 1.672454e+02 1.243323e+02 6.169233e-01
2.259480e+00 7.719860e+01 -1.495332e+02 1.522891e+02 1.182694e+02 6.207963e-01
2.260146e+00 7.482480e+01 -1.468056e+02 1.863496e+02 1.283751e+02 6.086631e-01
2.260813e+00 7.660340e+01 -1.488264e+02 1.642593e+02 1.251586e+02 6.166754e-01
2.261480e+00 7.707460e+01 -1.487140e+02 1.505086e+02 1.233045e+02 6.199635e-01
2.262146e+00 7.566360e+01 -1.479240e+02 1.875272e+02 1.266205e+02 6.122053e-01
2.262813e+00 7.664460e+01 -1.487124e+02 1.637074e+02 1.231322e+02 6.169339e-01
2.263480e+00 7.494780e+01 -1.471884e+02 1.990898e+02 1.313204e+02 6.083575e-01
2.264146e+00 7.497940e+01 -1.470864e+02 1.916429e+02 1.313595e+02 6.082413e-01
2.264813e+00 7.626760e+01 -1.489404e+02 1.743022e+02 1.252132e+02 6.136413e-01
2.265480e+00 7.535260e+01 -1.470580e+02 1.799677e+02 1.281230e+02 6.115721e-01
2.266146e+00 7.681760e+01 -1.486300e+02 1.565284e+02 1.226154e+02 6.185664e-01
2.266813e+00 7.589740e+01 -1.474684e+02 1.726757e+02 1.243697e+02 6.144502e-01
2.267480e+00 7.528940e+01 -1.469792e+02 1.790631e+02 1.282127e+02 6.113779e-01
2.268146e+00 7.502040e+01 -1.469068e+02 1.930826e+02 1.311919e+02 6.089998e-01
2.268813e+00 7.521320e+01 -1.474372e+02 1.885297e+02 1.266572e+02 6.100756e-01
2.269480e+00 7.577020e+01 -1.476424e+02 1.757571e+02 1.269665e+02 6.131857e-01
2.270146e+00 7.551860e+01 -1.468748e+02 1.703671e+02 1.278909e+02 6.127214e-01
2.270813e+00 7.708880e+01 -1.487616e+02 1.499101e+02 1.205378e+02 6.199356e-01
2.271480e+00 7.566800e+01 -1.477236e+02 1.758713e+02 1.212806e+02 6.132644e-01
2.272146e+00 7.629200e+01 -1.482668e+02 1.690505e+02 1.236793e+02 6.156253e-01
2.272813e+00 7.427980e+01 -1.459860e+02 1.929688e+02 1.277161e+02 6.065504e-01
2.273480e+00 7.689020e+01 -1.486384e+02 1.590615e+02 1.197214e+02 6.194746e-01
2.274146e+00 7.722700e+01 -1.487780e+02 1.452697e+02 1.165530e+02 6.218330e-01
2.274813e+00 7.447720e+01 -1.461704e+02 1.937426e+02 1.245519e+02 6.077361e-01
2.275480e+00 7.456620e+01 -1.458912e+02 1.806134e+02 1.249618e+02 6.090891e-01
2.276146e+00 7.410900e+01 -1.454808e+02 1.900745e+02 1.319957e+02 6.058592e-01
2.276813e+00 7.753640e+01 -1.493108e+02 1.522575e+02 1.179377e+02 6.221560e-01
2.277480e+00 7.493940e+01 -1.464176e+02 1.800810e+02 1.223408e+02 6.109585e-01
2.316000e+00 7.236280e+01 -1.423200e+02 1.929635e+02 1.238434e+02 6.010637e-01
2.362857e+00 6.640000e+01 -1.351380e+02 2.386768e+02 1.268884e+02 5.699576e-01
2.409714e+00 6.358860e+01 -1.312040e+02 2.509612e+02 1.293045e+02 5.536444e-01
2.456571e+00 5.663920e+01 -1.233128e+02 2.785744e+02 1.228908e+02 5.068029e-01
2.503429e+00 5.346780e+01 -1.183328e+02 2.591903e+02 1.070181e+02 4.921480e-01
2.550286e+00 5.125180e+01 -1.145216e+02 2.415660e+02 1.043697e+02 4.759406e-01
2.597143e+00 4.543960e+01 -1.077852e+02 2.378427e+02 9.302710e+01 4.181818e-01
2.644000e+00 4.445360e+01 -1.060572e+02 2.296550e+02 8.655477e+01 4.140509e-01
2.690857e+00 3.950840e+01 -1.002276e+02 2.122779e+02 7.750058e+01 3.536448e-01
2.737714e+00 3.592660e+01 -9.628960e+01 1.920045e+02 6.830328e+01 3.038589e-01
2.784571e+00 3.513820e+01 -9.357120e+01 1.748883e+02 6.260292e+01 3.132463e-01
2.831429e+00 3.415600e+01 -9.149800e+01 1.657890e+02 5.779038e+01 3.068472e-01
2.878286e+00 3.185340e+01 -8.917560e+01 1.534879e+02 5.296064e+01 2.653142e-01
2.925143e+00 3.033040e+01 -8.631120e+01 1.346105e+02 4.860168e+01 2.573232e-01
2.972000e+00 2.882700e+01 -8.394040e+01 1.292190e+02 4.661195e+01 2.172061e-01
3.018857e+00 2.702080e+01 -8.128840e+01 1.118711e+02 4.123984e+01 2.063573e-01
3.065714e+00 2.607760e+01 -7.938640e+01 1.073048e+02 3.967341e+01 1.807813e-01
3.112571e+00 2.473260e+01 -7.780720e+01 9.650326e+01 3.690973e+01 1.594362e-01
3.159429e+00 2.367000e+01 -7.563160e+01 9.010462e+01 3.434284e+01 1.475318e-01
3.206286e+00 2.393460e+01 -7.453440e+01 8.906334e+01 3.457210e+01 1.617008e-01
3.253143e+00 2.281140e+01 -7.339600e+01 8.168705e+01 3.233491e+01 1.358966e-01
