0.000000e+00 1.600000e+03 -3.200000e+03     -nan     -nan 6.666667e-01
4.685714e-02 1.600000e+03 -3.200000e+03 0.000000e+00 0.000000e+00 6.666667e-01
9.371429e-02 1.600000e+03 -3.200000e+03 0.000000e+00 0.000000e+00 6.666667e-01
1.405714e-01 1.600000e+03 -3.200000e+03 0.000000e+00 0.000000e+00 6.666667e-01
1.874286e-01 1.600000e+03 -3.200000e+03 0.000000e+00 0.000000e+00 6.666667e-01
2.342857e-01 1.600000e+03 -3.200000e+03 0.000000e+00 0.000000e+00 6.666667e-01
2.811429e-01 1.600000e+03 -3.200000e+03 0.000000e+00 0.000000e+00 6.666667e-01
3.280000e-01 1.600000e+03 -3.200000e+03 0.000000e+00 0.000000e+00 6.666667e-01
3.748571e-01 1.600000e+03 -3.200000e+03 0.000000e+00 0.000000e+00 6.666667e-01
4.217143e-01 1.600000e+03 -3.200000e+03 0.000000e+00 0.000000e+00 6.666667e-01
4.685714e-01 1.600000e+03 -3.200000e+03 0.000000e+00 0.000000e+00 6.666667e-01
5.154286e-01 1.599999e+03 -3.199998e+03 2.327462e-03 7.224934e-02 6.666667e-01
5.622857e-01 1.599998e+03 -3.199991e+03 7.816595e-03 2.224235e-01 6.666667e-01
6.091429e-01 1.599989e+03 -3.199956e+03 3.723100e-02 9.779250e-01 6.666667e-01
6.560000e-01 1.599980e+03 -3.199919e+03 6.096335e-02 1.486911e+00 6.666666e-01
7.028571e-01 1.599968e+03 -3.199871e+03 9.015084e-02 2.052214e+00 6.666666e-01
7.497143e-01 1.599925e+03 -3.199700e+03 2.000429e-01 4.249708e+00 6.666666e-01
7.965714e-01 1.599856e+03 -3.199429e+03 3.688044e-01 7.262319e+00 6.666665e-01
8.434286e-01 1.599765e+03 -3.199068e+03 5.721727e-01 1.041288e+01 6.666664e-01
8.902857e-01 1.599587e+03 -3.198366e+03 9.623834e-01 1.669443e+01 6.666662e-01
9.371429e-01 1.599344e+03 -3.197412e+03 1.491557e+00 2.424114e+01 6.666659e-01
9.840000e-01 1.598998e+03 -3.196053e+03 2.108124e+00 3.240177e+01 6.666656e-01
1.030857e+00 1.598471e+03 -3.194032e+03 3.291806e+00 4.697824e+01 6.666649e-01
1.077714e+00 1.597880e+03 -3.191764e+03 4.462689e+00 5.981681e+01 6.666642e-01
1.124571e+00 1.597034e+03 -3.188531e+03 6.001590e+00 7.543605e+01 6.666631e-01
1.171429e+00 1.596018e+03 -3.184684e+03 8.033662e+00 9.510634e+01 6.666617e-01
1.218286e+00 1.594732e+03 -3.179876e+03 1.027565e+01 1.136084e+02 6.666601e-01
1.265143e+00 1.593186e+03 -3.174110e+03 1.331698e+01 1.387656e+02 6.666578e-01
1.312000e+00 1.591113e+03 -3.166502e+03 1.677990e+01 1.647980e+02 6.666551e-01
1.358857e+00 1.588720e+03 -3.157875e+03 2.192767e+01 2.005794e+02 6.666510e-01
1.405714e+00 1.585967e+03 -3.148082e+03 2.708835e+01 2.328956e+02 6.666465e-01
1.452571e+00 1.582548e+03 -3.135999e+03 3.452755e+01 2.763968e+02 6.666400e-01
1.499429e+00 1.578177e+03 -3.121122e+03 4.449384e+01 3.197314e+02 6.666311e-01
1.546286e+00 1.573808e+03 -3.106342e+03 5.461610e+01 3.666140e+02 6.666214e-01
1.593143e+00 1.567979e+03 -3.087562e+03 6.963867e+01 4.111409e+02 6.666068e-01
1.640000e+00 1.561942e+03 -3.067791e+03 8.503086e+01 4.752443e+02 6.665908e-01
1.686857e+00 1.554272e+03 -3.043546e+03 1.043905e+02 5.320921e+02 6.665699e-01
1.733714e+00 1.544971e+03 -3.016161e+03 1.469663e+02 6.122457e+02 6.665259e-01
1.780571e+00 1.535624e+03 -2.987954e+03 1.591655e+02 6.448654e+02 6.665075e-01
1.827429e+00 1.523506e+03 -2.954110e+03 2.197464e+02 7.674973e+02 6.664382e-01
1.874286e+00 1.508156e+03 -2.914568e+03 3.150628e+02 8.714389e+02 6.663259e-01
1.921143e+00 1.493753e+03 -2.874972e+03 3.379362e+02 9.185845e+02 6.662833e-01
1.968000e+00 1.473448e+03 -2.828128e+03 4.890434e+02 1.051246e+03 6.660844e-01
2.014857e+00 1.449391e+03 -2.774798e+03 7.838820e+02 1.231521e+03 6.657003e-01
2.061714e+00 1.417766e+03 -2.710437e+03 1.022321e+03 1.384721e+03 6.653112e-01
2.108571e+00 1.382421e+03 -2.645811e+03 1.381915e+03 1.545250e+03 6.646996e-01
2.155429e+00 1.330089e+03 -2.565703e+03 2.990950e+03 1.925072e+03 6.621899e-01
2.202286e+00 1.269655e+03 -2.479614e+03 4.085319e+03 2.056020e+03 6.598053e-01
2.249143e+00 1.114006e+03 -2.349316e+03 1.861839e+04 2.990086e+03 6.335028e-01
2.258146e+00 1.056040e+03 -2.314842e+03 2.564722e+04 2.788548e+03 6.214330e-01
2.258813e+00 1.076837e+03 -2.322461e+03 2.874756e+04 3.036021e+03 6.227794e-01
2.259480e+00 1.016809e+03 -2.294755e+03 2.937907e+04 3.115537e+03 6.133992e-01
2.260146e+00 1.072042e+03 -2.321452e+03 3.134134e+04 2.926902e+03 6.238332e-01
2.260813e+00 1.103888e+03 -2.327020e+03 1.750732e+04 2.927986e+03 6.343585e-01
2.261480e+00 1.100216e+03 -2.322833e+03 1.503325e+04 2.646226e+03 6.384459e-01
2.262146e+00 1.079739e+03 -2.317632e+03 2.088745e+04 2.803322e+03 6.303218e-01
2.262813e+00 9.498718e+02 -2.275176e+03 4.718879e+04 3.302508e+03 5.816225e-01
2.263480e+00 1.107459e+03 -2.327427e+03 1.462138e+04 2.732400e+03 6.379742e-01
2.264146e+00 9.814278e+02 -2.284599e+03 5.039980e+04 3.584265e+03 5.961543e-01
2.264813e+00 1.092830e+03 -2.318853e+03 2.290090e+04 3.182535e+03 6.322053e-01
2.265480e+00 1.058142e+03 -2.302469e+03 1.747189e+04 2.669734e+03 6.298610e-01
2.266146e+00 1.039196e+03 -2.296911e+03 2.737313e+04 2.982283e+03 6.193415e-01
2.266813e+00 1.061233e+03 -2.303288e+03 1.932550e+04 2.711002e+03 6.288146e-01
2.267480e+00 1.021138e+03 -2.293922e+03 3.635181e+04 2.956205e+03 6.119541e-01
2.268146e+00 1.084651e+03 -2.309222e+03 1.612333e+04 2.743835e+03 6.346928e-01
2.268813e+00 1.087202e+03 -2.309784e+03 1.709400e+04 2.827994e+03 6.341706e-01
2.269480e+00 9.524128e+02 -2.270159e+03 4.348192e+04 3.607564e+03 5.789742e-01
2.270146e+00 1.038047e+03 -2.291688e+03 2.465018e+04 2.786267e+03 6.207035e-01
2.270813e+00 1.116111e+03 -2.317774e+03 1.023254e+04 2.578098e+03 6.453681e-01
2.271480e+00 7.933058e+02 -2.224057e+03 6.707503e+04 3.359003e+03 5.004809e-01
2.272146e+00 9.308974e+02 -2.261353e+03 5.023029e+04 3.713402e+03 5.723887e-01
2.272813e+00 1.073109e+03 -2.299112e+03 1.676595e+04 2.680776e+03 6.334218e-01
2.273480e+00 1.026207e+03 -2.279830e+03 2.438752e+04 2.935960e+03 6.204109e-01
2.274146e+00 1.000014e+03 -2.282338e+03 3.725783e+04 3.000995e+03 6.061086e-01
2.274813e+00 8.624066e+02 -2.231358e+03 5.072806e+04 3.483218e+03 5.480820e-01
2.275480e+00 1.060026e+03 -2.286178e+03 1.598724e+04 2.758049e+03 6.345733e-01
2.276146e+00 1.008608e+03 -2.265372e+03 2.388883e+04 3.007152e+03 6.162618e-01
2.276813e+00 1.071266e+03 -2.288102e+03 1.512249e+04 2.675144e+03 6.360807e-01
2.277480e+00 9.810680e+02 -2.264515e+03 4.302946e+04 3.250758e+03 5.984638e-01
2.316000e+00 7.325668e+02 -2.135469e+03 5.199310e+04 2.763749e+03 5.030430e-01
2.362857e+00 4.959884e+02 -2.016863e+03 4.791773e+04 2.424964e+03 2.961812e-01
2.409714e+00 4.206758e+02 -1.920001e+03 3.312343e+04 1.921599e+03 2.818342e-01
2.456571e+00 3.135712e+02 -1.832476e+03 1.946225e+04 1.689975e+03 1.741153e-01
2.503429e+00 2.621824e+02 -1.766361e+03 1.319505e+04 1.411358e+03 1.591381e-01
2.550286e+00 2.351546e+02 -1.702644e+03 1.014507e+04 1.162265e+03 1.929800e-01
2.597143e+00 1.912628e+02 -1.642973e+03 7.944441e+03 1.149177e+03 5.316165e-02
2.644000e+00 1.587702e+02 -1.594949e+03 5.495157e+03 1.072917e+03 -5.904835e-02
2.690857e+00 1.633694e+02 -1.553088e+03 5.484132e+03 9.672800e+02 3.566031e-02
2.737714e+00 1.537722e+02 -1.506004e+03 4.705190e+03 9.158085e+02 3.823709e-02
2.784571e+00 1.361278e+02 -1.467504e+03 3.860203e+03 8.678053e+02 2.695124e-02
2.831429e+00 1.303634e+02 -1.425007e+03 3.277918e+03 7.930883e+02 6.193161e-02
2.878286e+00 1.247668e+02 -1.392422e+03 3.061063e+03 7.408223e+02 9.607389e-03
2.925143e+00 1.234550e+02 -1.361044e+03 3.058570e+03 7.074956e+02 -2.142364e-02
2.972000e+00 1.116590e+02 -1.326902e+03 2.293984e+03 6.652143e+02 3.844464e-02
3.018857e+00 1.041478e+02 -1.296644e+03 1.998796e+03 6.221499e+02 4.668795e-02
3.065714e+00 1.084572e+02 -1.268394e+03 2.187179e+03 5.955956e+02 6.252794e-03
3.112571e+00 9.868120e+01 -1.240762e+03 1.703488e+03 5.786781e+02 6.801372e-02
3.159429e+00 1.001276e+02 -1.213056e+03 1.843253e+03 5.400548e+02 -2.241653e-02
3.206286e+00 9.219080e+01 -1.188416e+03 1.561257e+03 5.181038e+02 -4.722491e-02
3.253143e+00 8.773260e+01 -1.165306e+03 1.388010e+03 4.826426e+02 -4.778011e-02
