0.000000e+00 4.000000e+02 -8.000000e+02     -nan     -nan 6.666667e-01
4.685714e-02 4.000000e+02 -8.000000e+02 0.000000e+00 0.000000e+00 6.666667e-01
9.371429e-02 4.000000e+02 -8.000000e+02 0.000000e+00 0.000000e+00 6.666667e-01
1.405714e-01 4.000000e+02 -8.000000e+02 0.000000e+00 0.000000e+00 6.666667e-01
1.874286e-01 4.000000e+02 -8.000000e+02 0.000000e+00 0.000000e+00 6.666667e-01
2.342857e-01 4.000000e+02 -8.000000e+02 0.000000e+00 0.000000e+00 6.666667e-01
2.811429e-01 4.000000e+02 -8.000000e+02 0.000000e+00 0.000000e+00 6.666667e-01
3.280000e-01 4.000000e+02 -8.000000e+02 0.000000e+00 0.000000e+00 6.666667e-01
3.748571e-01 4.000000e+02 -8.000000e+02 0.000000e+00 0.000000e+00 6.666667e-01
4.217143e-01 4.000000e+02 -8.000000e+02 0.000000e+00 0.000000e+00 6.666667e-01
4.685714e-01 4.000000e+02 -8.000000e+02 0.000000e+00 0.000000e+00 6.666667e-01
5.154286e-01 3.999998e+02 -7.999992e+02 7.759756e-04 2.408794e-02 6.666667e-01
5.622857e-01 3.999996e+02 -7.999984e+02 1.422480e-03 4.047706e-02 6.666667e-01
6.091429e-01 3.999978e+02 -7.999912e+02 7.215319e-03 1.895206e-01 6.666666e-01
6.560000e-01 3.999956e+02 -7.999824e+02 1.338512e-02 3.264664e-01 6.666666e-01
7.028571e-01 3.999916e+02 -7.999664e+02 2.607847e-02 5.936563e-01 6.666665e-01
7.497143e-01 3.999804e+02 -7.999232e+02 6.031076e-02 1.185084e+00 6.666663e-01
7.965714e-01 3.999612e+02 -7.998460e+02 1.015534e-01 1.987442e+00 6.666660e-01
8.434286e-01 3.999384e+02 -7.997564e+02 1.491596e-01 2.721304e+00 6.666656e-01
8.902857e-01 3.998912e+02 -7.995732e+02 2.562802e-01 4.310124e+00 6.666648e-01
9.371429e-01 3.998322e+02 -7.993364e+02 3.681863e-01 6.048067e+00 6.666638e-01
9.840000e-01 3.997562e+02 -7.990384e+02 5.253674e-01 8.126906e+00 6.666624e-01
1.030857e+00 3.996180e+02 -7.984960e+02 7.920360e-01 1.165105e+01 6.666599e-01
1.077714e+00 3.994786e+02 -7.979672e+02 1.099124e+00 1.485476e+01 6.666568e-01
1.124571e+00 3.992798e+02 -7.972124e+02 1.454165e+00 1.822630e+01 6.666531e-01
1.171429e+00 3.989852e+02 -7.961216e+02 2.114154e+00 2.439070e+01 6.666461e-01
1.218286e+00 3.986144e+02 -7.947300e+02 2.873638e+00 3.078459e+01 6.666375e-01
1.265143e+00 3.982374e+02 -7.933108e+02 3.434902e+00 3.551811e+01 6.666304e-01
1.312000e+00 3.977354e+02 -7.914536e+02 4.581697e+00 4.452837e+01 6.666165e-01
1.358857e+00 3.971362e+02 -7.892968e+02 5.589881e+00 5.150256e+01 6.666030e-01
1.405714e+00 3.964748e+02 -7.869284e+02 6.910199e+00 5.849563e+01 6.665852e-01
1.452571e+00 3.956946e+02 -7.842428e+02 8.545350e+00 6.721644e+01 6.665621e-01
1.499429e+00 3.945226e+02 -7.802120e+02 1.105867e+01 7.945602e+01 6.665264e-01
1.546286e+00 3.935252e+02 -7.768428e+02 1.395975e+01 9.106354e+01 6.664839e-01
1.593143e+00 3.920058e+02 -7.718348e+02 1.769758e+01 1.079672e+02 6.664260e-01
1.640000e+00 3.906018e+02 -7.671780e+02 1.981453e+01 1.155602e+02 6.663869e-01
1.686857e+00 3.885550e+02 -7.609880e+02 2.707685e+01 1.338484e+02 6.662721e-01
1.733714e+00 3.867170e+02 -7.552024e+02 3.153825e+01 1.469008e+02 6.661906e-01
1.780571e+00 3.838506e+02 -7.467892e+02 3.831067e+01 1.619133e+02 6.660628e-01
1.827429e+00 3.813322e+02 -7.395552e+02 4.880171e+01 1.859243e+02 6.658720e-01
1.874286e+00 3.774430e+02 -7.293656e+02 6.710340e+01 2.116816e+02 6.655327e-01
1.921143e+00 3.740994e+02 -7.199712e+02 7.409804e+01 2.229834e+02 6.653543e-01
1.968000e+00 3.689088e+02 -7.077720e+02 1.109665e+02 2.625353e+02 6.646460e-01
2.014857e+00 3.621494e+02 -6.927652e+02 1.644609e+02 3.012457e+02 6.635292e-01
2.061714e+00 3.558438e+02 -6.794896e+02 2.082446e+02 3.209839e+02 6.625390e-01
2.108571e+00 3.465632e+02 -6.632744e+02 3.885207e+02 3.974732e+02 6.590103e-01
2.155429e+00 3.324568e+02 -6.413892e+02 7.392580e+02 4.573153e+02 6.531332e-01
2.202286e+00 3.079480e+02 -6.158676e+02 2.132133e+03 6.399370e+02 6.321445e-01
2.249143e+00 2.870824e+02 -5.903040e+02 2.634065e+03 6.568092e+02 6.182536e-01
2.258146e+00 2.977162e+02 -5.923916e+02 1.327779e+03 5.759241e+02 6.347930e-01
2.258813e+00 2.914440e+02 -5.873924e+02 1.798150e+03 6.134754e+02 6.276181e-01
2.259480e+00 2.804986e+02 -5.834536e+02 2.600730e+03 6.547557e+02 6.119020e-01
2.260146e+00 2.748244e+02 -5.810168e+02 3.077725e+03 6.907812e+02 6.021102e-01
2.260813e+00 2.778414e+02 -5.824072e+02 2.810370e+03 6.274768e+02 6.089776e-01
2.261480e+00 2.572874e+02 -5.704036e+02 3.558521e+03 6.768380e+02 5.794194e-01
2.262146e+00 2.847418e+02 -5.859432e+02 2.533061e+03 6.490340e+02 6.160405e-01
2.262813e+00 2.874006e+02 -5.852580e+02 2.035101e+03 5.922695e+02 6.235836e-01
2.263480e+00 2.700168e+02 -5.764216e+02 3.103291e+03 6.829504e+02 5.978919e-01
2.264146e+00 2.904272e+02 -5.863440e+02 1.646961e+03 5.615033e+02 6.289239e-01
2.264813e+00 2.836128e+02 -5.855436e+02 2.439263e+03 6.647898e+02 6.150144e-01
2.265480e+00 2.639486e+02 -5.755460e+02 3.573896e+03 7.182352e+02 5.846999e-01
2.266146e+00 2.668610e+02 -5.755820e+02 3.625930e+03 7.240824e+02 5.916665e-01
2.266813e+00 2.679966e+02 -5.762944e+02 3.543348e+03 7.007778e+02 5.929492e-01
2.267480e+00 2.758898e+02 -5.780460e+02 2.615771e+03 6.339252e+02 6.089147e-01
2.268146e+00 2.738246e+02 -5.751556e+02 2.518351e+03 6.705633e+02 6.068574e-01
2.268813e+00 2.820008e+02 -5.795480e+02 2.121047e+03 6.272135e+02 6.189789e-01
2.269480e+00 2.793678e+02 -5.805516e+02 2.491119e+03 6.499766e+02 6.128411e-01
2.270146e+00 2.707222e+02 -5.753212e+02 2.937111e+03 6.561104e+02 6.011551e-01
2.270813e+00 2.684342e+02 -5.708024e+02 2.607060e+03 6.416957e+02 6.019633e-01
2.271480e+00 2.753282e+02 -5.774168e+02 2.653806e+03 6.619847e+02 6.072408e-01
2.272146e+00 2.629038e+02 -5.683384e+02 2.985271e+03 6.842696e+02 5.913634e-01
2.272813e+00 2.904236e+02 -5.835140e+02 1.404948e+03 5.258279e+02 6.322338e-01
2.273480e+00 2.763222e+02 -5.767016e+02 2.436458e+03 6.502483e+02 6.092458e-01
2.274146e+00 2.702254e+02 -5.728032e+02 2.736417e+03 6.558128e+02 6.023387e-01
2.274813e+00 2.755722e+02 -5.740708e+02 2.231980e+03 6.323744e+02 6.118129e-01
2.275480e+00 2.697004e+02 -5.737868e+02 2.988491e+03 6.816060e+02 5.996164e-01
2.276146e+00 2.693644e+02 -5.702432e+02 2.652560e+03 6.643587e+02 6.022895e-01
2.276813e+00 2.624512e+02 -5.690608e+02 3.128193e+03 6.629844e+02 5.912056e-01
2.277480e+00 2.875152e+02 -5.815544e+02 1.520450e+03 5.596903e+02 6.290257e-01
2.316000e+00 2.487308e+02 -5.488016e+02 2.919683e+03 6.626219e+02 5.800110e-01
2.362857e+00 2.018446e+02 -5.138244e+02 3.795896e+03 6.105291e+02 4.989731e-01
2.409714e+00 1.846236e+02 -4.927796e+02 3.161170e+03 5.379445e+02 4.865276e-01
2.456571e+00 1.626658e+02 -4.710108e+02 2.944622e+03 4.735755e+02 4.288557e-01
2.503429e+00 1.192786e+02 -4.459952e+02 2.698796e+03 3.815213e+02 2.482647e-01
2.550286e+00 1.101348e+02 -4.288108e+02 2.184443e+03 3.484840e+02 2.432222e-01
2.597143e+00 9.691540e+01 -4.140836e+02 1.737553e+03 2.877586e+02 2.003742e-01
2.644000e+00 8.276860e+01 -3.980300e+02 1.311220e+03 2.499036e+02 1.526001e-01
2.690857e+00 8.407860e+01 -3.902588e+02 1.326863e+03 2.572141e+02 1.458363e-01
2.737714e+00 7.565420e+01 -3.756176e+02 1.019485e+03 2.270265e+02 1.546328e-01
2.784571e+00 7.401680e+01 -3.664944e+02 1.001603e+03 2.161178e+02 1.045036e-01
2.831429e+00 6.507800e+01 -3.585316e+02 8.237115e+02 1.996954e+02 6.552751e-02
2.878286e+00 6.333780e+01 -3.491416e+02 7.745386e+02 1.886766e+02 4.958798e-02
2.925143e+00 6.072240e+01 -3.402388e+02 6.741966e+02 1.785373e+02 8.382209e-02
2.972000e+00 5.593740e+01 -3.312376e+02 5.419033e+02 1.665734e+02 1.108831e-01
3.018857e+00 5.566740e+01 -3.248580e+02 5.361396e+02 1.553267e+02 1.020972e-01
3.065714e+00 5.187960e+01 -3.159724e+02 5.014432e+02 1.493598e+02 2.870417e-02
3.112571e+00 4.939400e+01 -3.095700e+02 4.354355e+02 1.405842e+02 1.392159e-02
3.159429e+00 4.755540e+01 -3.033832e+02 3.991786e+02 1.341325e+02 5.389849e-02
3.206286e+00 4.777340e+01 -2.975624e+02 3.752921e+02 1.239635e+02 7.720117e-02
3.253143e+00 4.444160e+01 -2.901564e+02 3.305179e+02 1.176255e+02 5.261378e-02
